00001234 50213000140                                          2450.0020260618
00001234 50213000141                                           380.7520260618
00001234 50222000140                                           675.5020260618
00001234 50233000140                                           512.2520260618
00001234 50341000140                                           850.0020260618
00001234 50342000140                                           160.0020260618
00001234 50343000140                                            95.3520260618
00001234 50344000140                                            33.1520260618
00001234 50345000140                                           275.4020260618
00001234 50346000140                                          1210.6020260618
00001234 55411200000                                         -1420.5020260618
00001234 55513110000                                         -1588.2520260618
00001234 55621000000                                          -411.2020260618
00001234 55622000000                                           -98.3020260618
00001234 55623000000                                           -62.4020260618
00001234 55731000000                                          -145.7520260618
00001234 55732000000                                          -355.6020260618
00001234 55841000000                                         -2300.0020260618
00001234 55842000000                                          -170.0020260618
00001234 55843000000                                           -91.0020260618
